0 0 9223372036854775807
2 43 9223372036854775807
2 45 9223372036854775807
2 48 9223372036854775807
2 52 9223372036854775807
2 54 9223372036854775807
2 57 9223372036854775807
2 60 9223372036854775807
2 63 9223372036854775807
2 66 9223372036854775807
2 69 9223372036854775807
2 72 9223372036854775807
2 73 9223372036854775807
2 77 9223372036854775807
2 78 9223372036854775807
2 79 9223372036854775807
2 82 9223372036854775807
2 83 9223372036854775807
2 84 9223372036854775807
2 85 9223372036854775807
2 86 9223372036854775807
0 3 10
0 4 11
0 5 12
0 6 13
0 7 14
0 9 15
0 8 16
0 2 17
0 1 18
1 20 21
1 22 25
1 23 26
1 24 27
1 28 30
1 29 31
1 32 33
1 34 35
1 36 37
1 38 39
1 40 42
1 41 44
1 46 47
1 49 51
1 50 53
1 55 56
1 58 59
1 61 62
1 64 65
1 67 68
1 70 71
1 19 74
1 75 76
1 80 81
